    0.0+     0 1   1.692       0.000    
    1.0-     1 1   5.076       0.000    
    2.0+     2 1   8.459       0.000    
    3.0-     3 1   11.84       0.000    
    4.0+     4 1   15.23       0.000    
    5.0-     5 1   18.61       0.000    
    6.0+     6 1   22.00       0.000    
    7.0-     7 1   25.38       0.000    
    8.0+     8 1   28.76       0.000    
    9.0-     9 1   32.15       0.000    
   10.0+    10 1   35.54       0.000    
   11.0-    11 1   38.92       0.000    
   12.0+    12 1   42.31       0.000    
   13.0-    13 1   45.69       0.000    
   14.0+    14 1   49.08       0.000    
   15.0-    15 1   52.47       0.000    
   16.0+    16 1   55.85       0.000    
   17.0-    17 1   59.24       0.000    
   18.0+    18 1   62.63       0.000    
   19.0-    19 1   66.01       0.000    
   20.0+    20 1   69.40       0.000    
   21.0-    21 1   72.78       0.000    
   22.0+    22 1   76.16       0.000    
   23.0-    23 1   79.42       0.000    
   24.0+    24 1   81.85       0.000    
   25.0-    25 1   81.30       0.000    
   26.0+    26 1   76.00       0.000    
   27.0-    27 1   66.45       0.000    
   28.0+    28 1   54.79       0.000    
   29.0-    29 1   43.18       0.000    
   30.0+    30 1   32.99       0.000    
   31.0-    31 1   24.69       0.000    
   32.0+    32 1   18.25       0.000    
   33.0-    33 1   13.38       0.000    
   34.0+    34 1   9.762       0.000    
   35.0-    35 1   7.104       0.000    
   36.0+    36 1   5.162       0.000    
   37.0-    37 1   3.748       0.000    
   38.0+    38 1   2.720       0.000    
   39.0-    39 1   1.973       0.000    
   40.0+    40 1   1.431       0.000    
   41.0-    41 1   1.038       0.000    
   42.0+    42 1  0.7528       0.000    
   43.0-    43 1  0.5458       0.000    
   44.0+    44 1  0.3957       0.000    
   45.0-    45 1  0.2867       0.000    
   46.0+    46 1  0.2077       0.000    
   47.0-    47 1  0.1504       0.000    
   48.0+    48 1  0.1089       0.000    
   49.0-    49 1  0.7882E-01   0.000    
   50.0+    50 1  0.5702E-01   0.000    
   51.0-    51 1  0.4124E-01   0.000    
   52.0+    52 1  0.2981E-01   0.000    
   53.0-    53 1  0.2154E-01   0.000    
   54.0+    54 1  0.1555E-01   0.000    
   55.0-    55 1  0.1123E-01   0.000    
   56.0+    56 1  0.8104E-02   0.000    
   57.0-    57 1  0.5846E-02   0.000    
   58.0+    58 1  0.4216E-02   0.000    
