# 361 angles,  1 tensor ranks for 0=projectile
@subtitle   "O16 + C12 @ 132 MeV;"                                                          
@legend ON
@legend x1 0.2
@legend y1 0.8
@g0 type LOGY
@yaxis ticklabel format power
@xaxis label "Scattering angle (degrees)"
@yaxis label "Cross section (mb/sr)"
@legend string   0 "Partition=  1 Excit=  1 near/far= 1"
#legend string   0 "Lab energy =  132.0000"
@s0 linestyle   1
#  Theta       sigma       iT11        T20         T21         T22         Kyy for projectile
  0.1000E-01   1.000    
  0.5000      0.9952    
   1.000       1.007    
   1.500      0.9461    
   2.000       1.019    
   2.500       1.120    
   3.000       1.122    
   3.500       1.051    
   4.000      0.9875    
   4.500      0.9697    
   5.000      0.9796    
   5.500      0.9729    
   6.000      0.9151    
   6.500      0.8002    
   7.000      0.6498    
   7.500      0.4987    
   8.000      0.3799    
   8.500      0.3120    
   9.000      0.2955    
   9.500      0.3152    
   10.00      0.3479    
   10.50      0.3705    
   11.00      0.3670    
   11.50      0.3323    
   12.00      0.2714    
   12.50      0.1970    
   13.00      0.1245    
   13.50      0.6785E-01
   14.00      0.3545E-01
   14.50      0.2921E-01
   15.00      0.4473E-01
   15.50      0.7323E-01
   16.00      0.1043    
   16.50      0.1284    
   17.00      0.1392    
   17.50      0.1344    
   18.00      0.1156    
   18.50      0.8759E-01
   19.00      0.5665E-01
   19.50      0.2902E-01
   20.00      0.9539E-02
   20.50      0.7960E-03
   21.00      0.2873E-02
   21.50      0.1367E-01
   22.00      0.2961E-01
   22.50      0.4659E-01
   23.00      0.6084E-01
   23.50      0.6964E-01
   24.00      0.7170E-01
   24.50      0.6723E-01
   25.00      0.5768E-01
   25.50      0.4530E-01
   26.00      0.3260E-01
   26.50      0.2184E-01
   27.00      0.1463E-01
   27.50      0.1172E-01
   28.00      0.1297E-01
   28.50      0.1748E-01
   29.00      0.2388E-01
   29.50      0.3059E-01
   30.00      0.3620E-01
   30.50      0.3965E-01
   31.00      0.4040E-01
   31.50      0.3847E-01
   32.00      0.3433E-01
   32.50      0.2882E-01
   33.00      0.2290E-01
   33.50      0.1751E-01
   34.00      0.1338E-01
   34.50      0.1094E-01
   35.00      0.1031E-01
   35.50      0.1126E-01
   36.00      0.1335E-01
   36.50      0.1600E-01
   37.00      0.1863E-01
   37.50      0.2075E-01
   38.00      0.2203E-01
   38.50      0.2233E-01
   39.00      0.2172E-01
   39.50      0.2043E-01
   40.00      0.1879E-01
   40.50      0.1716E-01
   41.00      0.1585E-01
   41.50      0.1510E-01
   42.00      0.1502E-01
   42.50      0.1559E-01
   43.00      0.1667E-01
   43.50      0.1807E-01
   44.00      0.1951E-01
   44.50      0.2076E-01
   45.00      0.2161E-01
   45.50      0.2193E-01
   46.00      0.2166E-01
   46.50      0.2085E-01
   47.00      0.1957E-01
   47.50      0.1799E-01
   48.00      0.1626E-01
   48.50      0.1453E-01
   49.00      0.1294E-01
   49.50      0.1155E-01
   50.00      0.1042E-01
   50.50      0.9525E-02
   51.00      0.8825E-02
   51.50      0.8255E-02
   52.00      0.7745E-02
   52.50      0.7232E-02
   53.00      0.6672E-02
   53.50      0.6045E-02
   54.00      0.5358E-02
   54.50      0.4638E-02
   55.00      0.3930E-02
   55.50      0.3283E-02
   56.00      0.2745E-02
   56.50      0.2355E-02
   57.00      0.2135E-02
   57.50      0.2092E-02
   58.00      0.2213E-02
   58.50      0.2475E-02
   59.00      0.2842E-02
   59.50      0.3276E-02
   60.00      0.3741E-02
   60.50      0.4205E-02
   61.00      0.4647E-02
   61.50      0.5056E-02
   62.00      0.5429E-02
   62.50      0.5773E-02
   63.00      0.6097E-02
   63.50      0.6414E-02
   64.00      0.6735E-02
   64.50      0.7066E-02
   65.00      0.7407E-02
   65.50      0.7754E-02
   66.00      0.8096E-02
   66.50      0.8419E-02
   67.00      0.8705E-02
   67.50      0.8939E-02
   68.00      0.9104E-02
   68.50      0.9192E-02
   69.00      0.9196E-02
   69.50      0.9115E-02
   70.00      0.8955E-02
   70.50      0.8723E-02
   71.00      0.8433E-02
   71.50      0.8097E-02
   72.00      0.7728E-02
   72.50      0.7339E-02
   73.00      0.6939E-02
   73.50      0.6538E-02
   74.00      0.6138E-02
   74.50      0.5743E-02
   75.00      0.5353E-02
   75.50      0.4967E-02
   76.00      0.4584E-02
   76.50      0.4203E-02
   77.00      0.3824E-02
   77.50      0.3447E-02
   78.00      0.3074E-02
   78.50      0.2710E-02
   79.00      0.2357E-02
   79.50      0.2021E-02
   80.00      0.1707E-02
   80.50      0.1418E-02
   81.00      0.1159E-02
   81.50      0.9302E-03
   82.00      0.7345E-03
   82.50      0.5716E-03
   83.00      0.4407E-03
   83.50      0.3404E-03
   84.00      0.2689E-03
   84.50      0.2242E-03
   85.00      0.2045E-03
   85.50      0.2084E-03
   86.00      0.2346E-03
   86.50      0.2823E-03
   87.00      0.3506E-03
   87.50      0.4389E-03
   88.00      0.5461E-03
   88.50      0.6708E-03
   89.00      0.8110E-03
   89.50      0.9642E-03
   90.00      0.1127E-02
   90.50      0.1297E-02
   91.00      0.1470E-02
   91.50      0.1642E-02
   92.00      0.1812E-02
   92.50      0.1976E-02
   93.00      0.2133E-02
   93.50      0.2284E-02
   94.00      0.2429E-02
   94.50      0.2568E-02
   95.00      0.2705E-02
   95.50      0.2840E-02
   96.00      0.2974E-02
   96.50      0.3110E-02
   97.00      0.3247E-02
   97.50      0.3384E-02
   98.00      0.3518E-02
   98.50      0.3647E-02
   99.00      0.3768E-02
   99.50      0.3877E-02
   100.0      0.3970E-02
   100.5      0.4045E-02
   101.0      0.4101E-02
   101.5      0.4137E-02
   102.0      0.4154E-02
   102.5      0.4154E-02
   103.0      0.4141E-02
   103.5      0.4117E-02
   104.0      0.4088E-02
   104.5      0.4056E-02
   105.0      0.4025E-02
   105.5      0.3995E-02
   106.0      0.3967E-02
   106.5      0.3940E-02
   107.0      0.3913E-02
   107.5      0.3884E-02
   108.0      0.3848E-02
   108.5      0.3805E-02
   109.0      0.3751E-02
   109.5      0.3687E-02
   110.0      0.3611E-02
   110.5      0.3526E-02
   111.0      0.3434E-02
   111.5      0.3337E-02
   112.0      0.3240E-02
   112.5      0.3146E-02
   113.0      0.3056E-02
   113.5      0.2974E-02
   114.0      0.2899E-02
   114.5      0.2831E-02
   115.0      0.2768E-02
   115.5      0.2708E-02
   116.0      0.2648E-02
   116.5      0.2585E-02
   117.0      0.2516E-02
   117.5      0.2440E-02
   118.0      0.2356E-02
   118.5      0.2264E-02
   119.0      0.2168E-02
   119.5      0.2070E-02
   120.0      0.1973E-02
   120.5      0.1883E-02
   121.0      0.1802E-02
   121.5      0.1733E-02
   122.0      0.1680E-02
   122.5      0.1641E-02
   123.0      0.1617E-02
   123.5      0.1604E-02
   124.0      0.1599E-02
   124.5      0.1597E-02
   125.0      0.1594E-02
   125.5      0.1584E-02
   126.0      0.1565E-02
   126.5      0.1533E-02
   127.0      0.1488E-02
   127.5      0.1431E-02
   128.0      0.1363E-02
   128.5      0.1289E-02
   129.0      0.1214E-02
   129.5      0.1144E-02
   130.0      0.1084E-02
   130.5      0.1039E-02
   131.0      0.1012E-02
   131.5      0.1006E-02
   132.0      0.1019E-02
   132.5      0.1050E-02
   133.0      0.1094E-02
   133.5      0.1145E-02
   134.0      0.1196E-02
   134.5      0.1240E-02
   135.0      0.1271E-02
   135.5      0.1284E-02
   136.0      0.1275E-02
   136.5      0.1245E-02
   137.0      0.1197E-02
   137.5      0.1135E-02
   138.0      0.1066E-02
   138.5      0.9989E-03
   139.0      0.9430E-03
   139.5      0.9060E-03
   140.0      0.8940E-03
   140.5      0.9100E-03
   141.0      0.9539E-03
   141.5      0.1021E-02
   142.0      0.1105E-02
   142.5      0.1196E-02
   143.0      0.1280E-02
   143.5      0.1348E-02
   144.0      0.1390E-02
   144.5      0.1397E-02
   145.0      0.1368E-02
   145.5      0.1305E-02
   146.0      0.1215E-02
   146.5      0.1110E-02
   147.0      0.1004E-02
   147.5      0.9126E-03
   148.0      0.8518E-03
   148.5      0.8330E-03
   149.0      0.8631E-03
   149.5      0.9428E-03
   150.0      0.1066E-02
   150.5      0.1219E-02
   151.0      0.1386E-02
   151.5      0.1543E-02
   152.0      0.1671E-02
   152.5      0.1751E-02
   153.0      0.1768E-02
   153.5      0.1717E-02
   154.0      0.1603E-02
   154.5      0.1437E-02
   155.0      0.1240E-02
   155.5      0.1038E-02
   156.0      0.8610E-03
   156.5      0.7360E-03
   157.0      0.6850E-03
   157.5      0.7211E-03
   158.0      0.8461E-03
   158.5      0.1049E-02
   159.0      0.1308E-02
   159.5      0.1592E-02
   160.0      0.1862E-02
   160.5      0.2081E-02
   161.0      0.2216E-02
   161.5      0.2244E-02
   162.0      0.2156E-02
   162.5      0.1958E-02
   163.0      0.1675E-02
   163.5      0.1343E-02
   164.0      0.1011E-02
   164.5      0.7320E-03
   165.0      0.5541E-03
   165.5      0.5168E-03
   166.0      0.6427E-03
   166.5      0.9333E-03
   167.0      0.1367E-02
   167.5      0.1900E-02
   168.0      0.2470E-02
   168.5      0.3006E-02
   169.0      0.3434E-02
   169.5      0.3687E-02
   170.0      0.3720E-02
   170.5      0.3513E-02
   171.0      0.3081E-02
   171.5      0.2471E-02
   172.0      0.1766E-02
   172.5      0.1074E-02
   173.0      0.5199E-03
   173.5      0.2313E-03
   174.0      0.3239E-03
   174.5      0.8878E-03
   175.0      0.1974E-02
   175.5      0.3586E-02
   176.0      0.5676E-02
   176.5      0.8142E-02
   177.0      0.1084E-01
   177.5      0.1360E-01
   178.0      0.1621E-01
   178.5      0.1849E-01
   179.0      0.2026E-01
   179.5      0.2139E-01
   180.0      0.2177E-01
 END
