    0.0+     0 1   2.252       0.000    
    1.0-     1 1   6.757       0.000    
    2.0+     2 1   11.26       0.000    
    3.0-     3 1   15.77       0.000    
    4.0+     4 1   20.27       0.000    
    5.0-     5 1   24.78       0.000    
    6.0+     6 1   29.28       0.000    
    7.0-     7 1   33.79       0.000    
    8.0+     8 1   38.29       0.000    
    9.0-     9 1   42.80       0.000    
   10.0+    10 1   47.30       0.000    
   11.0-    11 1   51.81       0.000    
   12.0+    12 1   56.31       0.000    
   13.0-    13 1   60.82       0.000    
   14.0+    14 1   65.32       0.000    
   15.0-    15 1   69.83       0.000    
   16.0+    16 1   74.33       0.000    
   17.0-    17 1   78.84       0.000    
   18.0+    18 1   83.34       0.000    
   19.0-    19 1   87.85       0.000    
   20.0+    20 1   92.35       0.000    
   21.0-    21 1   96.86       0.000    
   22.0+    22 1   101.4       0.000    
   23.0-    23 1   105.9       0.000    
   24.0+    24 1   110.4       0.000    
   25.0-    25 1   114.9       0.000    
   26.0+    26 1   119.4       0.000    
   27.0-    27 1   123.9       0.000    
   28.0+    28 1   128.4       0.000    
   29.0-    29 1   132.9       0.000    
   30.0+    30 1   137.4       0.000    
   31.0-    31 1   141.8       0.000    
   32.0+    32 1   145.9       0.000    
   33.0-    33 1   149.0       0.000    
   34.0+    34 1   149.2       0.000    
   35.0-    35 1   142.7       0.000    
   36.0+    36 1   126.1       0.000    
   37.0-    37 1   101.3       0.000    
   38.0+    38 1   74.75       0.000    
   39.0-    39 1   51.94       0.000    
   40.0+    40 1   34.75       0.000    
   41.0-    41 1   22.77       0.000    
   42.0+    42 1   14.75       0.000    
   43.0-    43 1   9.506       0.000    
   44.0+    44 1   6.110       0.000    
   45.0-    45 1   3.924       0.000    
   46.0+    46 1   2.520       0.000    
   47.0-    47 1   1.618       0.000    
   48.0+    48 1   1.039       0.000    
   49.0-    49 1  0.6674       0.000    
   50.0+    50 1  0.4287       0.000    
   51.0-    51 1  0.2754       0.000    
   52.0+    52 1  0.1769       0.000    
   53.0-    53 1  0.1136       0.000    
   54.0+    54 1  0.7290E-01   0.000    
   55.0-    55 1  0.4679E-01   0.000    
   56.0+    56 1  0.3002E-01   0.000    
   57.0-    57 1  0.1925E-01   0.000    
   58.0+    58 1  0.1235E-01   0.000    
   59.0-    59 1  0.7912E-02   0.000    
   60.0+    60 1  0.5070E-02   0.000    
   61.0-    61 1  0.3247E-02   0.000    
