0.1000E-01   1.000
0.5000      0.9953
 1.000       1.020
 1.500      0.9656
 2.000      0.9629
 2.500       1.054
 3.000       1.110
 3.500       1.086
 4.000       1.034
 4.500       1.008
 5.000       1.018
 5.500       1.032
 6.000       1.010
 6.500      0.9340
 7.000      0.8092
 7.500      0.6642
 8.000      0.5333
 8.500      0.4432
 9.000      0.4040
 9.500      0.4083
 10.00      0.4360
 10.50      0.4628
 11.00      0.4679
 11.50      0.4404
 12.00      0.3809
 12.50      0.3003
 13.00      0.2151
 13.50      0.1427
 14.00      0.9602E-01
 14.50      0.8066E-01
 15.00      0.9404E-01
 15.50      0.1268
 16.00      0.1659
 16.50      0.1981
 17.00      0.2132
 17.50      0.2066
 18.00      0.1793
 18.50      0.1376
 19.00      0.9084E-01
 19.50      0.4880E-01
 20.00      0.1955E-01
 20.50      0.7593E-02
 21.00      0.1318E-01
 21.50      0.3262E-01
 22.00      0.5951E-01
 22.50      0.8639E-01
 23.00      0.1065
 23.50      0.1153
 24.00      0.1112
 24.50      0.9543E-01
 25.00      0.7196E-01
 25.50      0.4601E-01
 26.00      0.2295E-01
 26.50      0.7142E-02
 27.00      0.1092E-02
 27.50      0.5075E-02
 28.00      0.1729E-01
 28.50      0.3439E-01
 29.00      0.5234E-01
 29.50      0.6726E-01
 30.00      0.7622E-01
 30.50      0.7775E-01
 31.00      0.7196E-01
 31.50      0.6043E-01
 32.00      0.4571E-01
 32.50      0.3076E-01
 33.00      0.1833E-01
 33.50      0.1041E-01
 34.00      0.7941E-02
 34.50      0.1072E-01
 35.00      0.1755E-01
 35.50      0.2656E-01
 36.00      0.3563E-01
 36.50      0.4282E-01
 37.00      0.4675E-01
 37.50      0.4677E-01
 38.00      0.4306E-01
 38.50      0.3650E-01
 39.00      0.2841E-01
 39.50      0.2031E-01
 40.00      0.1356E-01
 40.50      0.9159E-02
 41.00      0.7568E-02
 41.50      0.8674E-02
 42.00      0.1187E-01
 42.50      0.1622E-01
 43.00      0.2067E-01
 43.50      0.2423E-01
 44.00      0.2621E-01
 44.50      0.2628E-01
 45.00      0.2450E-01
 45.50      0.2132E-01
 46.00      0.1740E-01
 46.50      0.1350E-01
 47.00      0.1034E-01
 47.50      0.8436E-02
 48.00      0.8043E-02
 48.50      0.9118E-02
 49.00      0.1135E-01
 49.50      0.1425E-01
 50.00      0.1724E-01
 50.50      0.1977E-01
 51.00      0.2142E-01
 51.50      0.2196E-01
 52.00      0.2138E-01
 52.50      0.1987E-01
 53.00      0.1777E-01
 53.50      0.1551E-01
 54.00      0.1351E-01
 54.50      0.1210E-01
 55.00      0.1151E-01
 55.50      0.1178E-01
 56.00      0.1281E-01
 56.50      0.1436E-01
 57.00      0.1614E-01
 57.50      0.1781E-01
 58.00      0.1909E-01
 58.50      0.1977E-01
 59.00      0.1977E-01
 59.50      0.1910E-01
 60.00      0.1790E-01
 60.50      0.1637E-01
 61.00      0.1474E-01
 61.50      0.1325E-01
 62.00      0.1207E-01
 62.50      0.1132E-01
 63.00      0.1104E-01
 63.50      0.1117E-01
 64.00      0.1160E-01
 64.50      0.1219E-01
 65.00      0.1275E-01
 65.50      0.1315E-01
 66.00      0.1328E-01
 66.50      0.1307E-01
 67.00      0.1254E-01
 67.50      0.1172E-01
 68.00      0.1072E-01
 68.50      0.9635E-02
 69.00      0.8580E-02
 69.50      0.7652E-02
 70.00      0.6916E-02
 70.50      0.6404E-02
 71.00      0.6108E-02
 71.50      0.5990E-02
 72.00      0.5991E-02
 72.50      0.6041E-02
 73.00      0.6069E-02
 73.50      0.6022E-02
 74.00      0.5863E-02
 74.50      0.5579E-02
 75.00      0.5179E-02
 75.50      0.4691E-02
 76.00      0.4157E-02
 76.50      0.3620E-02
 77.00      0.3122E-02
 77.50      0.2696E-02
 78.00      0.2362E-02
 78.50      0.2124E-02
 79.00      0.1975E-02
 79.50      0.1894E-02
 80.00      0.1858E-02
 80.50      0.1838E-02
 81.00      0.1810E-02
 81.50      0.1756E-02
 82.00      0.1665E-02
 82.50      0.1537E-02
 83.00      0.1378E-02
 83.50      0.1200E-02
 84.00      0.1019E-02
 84.50      0.8501E-03
 85.00      0.7070E-03
 85.50      0.5985E-03
 86.00      0.5284E-03
 86.50      0.4948E-03
 87.00      0.4914E-03
 87.50      0.5088E-03
 88.00      0.5359E-03
 88.50      0.5626E-03
 89.00      0.5804E-03
 89.50      0.5841E-03
 90.00      0.5723E-03
 90.50      0.5468E-03
 91.00      0.5124E-03
 91.50      0.4754E-03
 92.00      0.4429E-03
 92.50      0.4210E-03
 93.00      0.4143E-03
 93.50      0.4251E-03
 94.00      0.4529E-03
 94.50      0.4949E-03
 95.00      0.5466E-03
 95.50      0.6024E-03
 96.00      0.6566E-03
 96.50      0.7041E-03
 97.00      0.7413E-03
 97.50      0.7664E-03
 98.00      0.7796E-03
 98.50      0.7826E-03
 99.00      0.7788E-03
 99.50      0.7722E-03
 100.0      0.7670E-03
 100.5      0.7667E-03
 101.0      0.7742E-03
 101.5      0.7907E-03
 102.0      0.8165E-03
 102.5      0.8501E-03
 103.0      0.8893E-03
 103.5      0.9311E-03
 104.0      0.9723E-03
 104.5      0.1010E-02
 105.0      0.1041E-02
 105.5      0.1064E-02
 106.0      0.1079E-02
 106.5      0.1085E-02
 107.0      0.1083E-02
 107.5      0.1076E-02
 108.0      0.1064E-02
 108.5      0.1051E-02
 109.0      0.1038E-02
 109.5      0.1028E-02
 110.0      0.1022E-02
 110.5      0.1022E-02
 111.0      0.1027E-02
 111.5      0.1037E-02
 112.0      0.1051E-02
 112.5      0.1067E-02
 113.0      0.1084E-02
 113.5      0.1100E-02
 114.0      0.1111E-02
 114.5      0.1118E-02
 115.0      0.1117E-02
 115.5      0.1110E-02
 116.0      0.1095E-02
 116.5      0.1075E-02
 117.0      0.1050E-02
 117.5      0.1024E-02
 118.0      0.9985E-03
 118.5      0.9754E-03
 119.0      0.9568E-03
 119.5      0.9437E-03
 120.0      0.9362E-03
 120.5      0.9339E-03
 121.0      0.9352E-03
 121.5      0.9382E-03
 122.0      0.9409E-03
 122.5      0.9413E-03
 123.0      0.9377E-03
 123.5      0.9294E-03
 124.0      0.9162E-03
 124.5      0.8987E-03
 125.0      0.8782E-03
 125.5      0.8562E-03
 126.0      0.8342E-03
 126.5      0.8137E-03
 127.0      0.7954E-03
 127.5      0.7797E-03
 128.0      0.7662E-03
 128.5      0.7543E-03
 129.0      0.7428E-03
 129.5      0.7309E-03
 130.0      0.7178E-03
 130.5      0.7034E-03
 131.0      0.6880E-03
 131.5      0.6723E-03
 132.0      0.6573E-03
 132.5      0.6441E-03
 133.0      0.6336E-03
 133.5      0.6260E-03
 134.0      0.6210E-03
 134.5      0.6176E-03
 135.0      0.6143E-03
 135.5      0.6093E-03
 136.0      0.6011E-03
 136.5      0.5885E-03
 137.0      0.5710E-03
 137.5      0.5492E-03
 138.0      0.5244E-03
 138.5      0.4987E-03
 139.0      0.4747E-03
 139.5      0.4545E-03
 140.0      0.4399E-03
 140.5      0.4319E-03
 141.0      0.4302E-03
 141.5      0.4334E-03
 142.0      0.4391E-03
 142.5      0.4447E-03
 143.0      0.4473E-03
 143.5      0.4447E-03
 144.0      0.4358E-03
 144.5      0.4206E-03
 145.0      0.4004E-03
 145.5      0.3775E-03
 146.0      0.3550E-03
 146.5      0.3356E-03
 147.0      0.3218E-03
 147.5      0.3148E-03
 148.0      0.3144E-03
 148.5      0.3192E-03
 149.0      0.3265E-03
 149.5      0.3332E-03
 150.0      0.3361E-03
 150.5      0.3327E-03
 151.0      0.3219E-03
 151.5      0.3042E-03
 152.0      0.2815E-03
 152.5      0.2572E-03
 153.0      0.2350E-03
 153.5      0.2187E-03
 154.0      0.2109E-03
 154.5      0.2130E-03
 155.0      0.2242E-03
 155.5      0.2418E-03
 156.0      0.2619E-03
 156.5      0.2796E-03
 157.0      0.2905E-03
 157.5      0.2911E-03
 158.0      0.2800E-03
 158.5      0.2579E-03
 159.0      0.2279E-03
 159.5      0.1948E-03
 160.0      0.1645E-03
 160.5      0.1425E-03
 161.0      0.1328E-03
 161.5      0.1375E-03
 162.0      0.1557E-03
 162.5      0.1838E-03
 163.0      0.2159E-03
 163.5      0.2452E-03
 164.0      0.2649E-03
 164.5      0.2701E-03
 165.0      0.2582E-03
 165.5      0.2305E-03
 166.0      0.1916E-03
 166.5      0.1486E-03
 167.0      0.1105E-03
 167.5      0.8584E-04
 168.0      0.8130E-04
 168.5      0.1001E-03
 169.0      0.1409E-03
 169.5      0.1981E-03
 170.0      0.2619E-03
 170.5      0.3204E-03
 171.0      0.3616E-03
 171.5      0.3760E-03
 172.0      0.3581E-03
 172.5      0.3091E-03
 173.0      0.2365E-03
 173.5      0.1542E-03
 174.0      0.8060E-04
 174.5      0.3603E-04
 175.0      0.3951E-04
 175.5      0.1055E-03
 176.0      0.2410E-03
 176.5      0.4438E-03
 177.0      0.7019E-03
 177.5      0.9944E-03
 178.0      0.1294E-02
 178.5      0.1570E-02
 179.0      0.1792E-02
 179.5      0.1937E-02
 180.0      0.1987E-02
