    0.0+     0 1   2.252       0.000    
    1.0-     1 1   6.757       0.000    
    2.0+     2 1   11.26       0.000    
    3.0-     3 1   15.77       0.000    
    4.0+     4 1   20.27       0.000    
    5.0-     5 1   24.77       0.000    
    6.0+     6 1   29.28       0.000    
    7.0-     7 1   33.78       0.000    
    8.0+     8 1   38.29       0.000    
    9.0-     9 1   42.79       0.000    
   10.0+    10 1   47.30       0.000    
   11.0-    11 1   51.80       0.000    
   12.0+    12 1   56.31       0.000    
   13.0-    13 1   60.81       0.000    
   14.0+    14 1   65.31       0.000    
   15.0-    15 1   69.82       0.000    
   16.0+    16 1   74.32       0.000    
   17.0-    17 1   78.83       0.000    
   18.0+    18 1   83.33       0.000    
   19.0-    19 1   87.84       0.000    
   20.0+    20 1   92.34       0.000    
   21.0-    21 1   96.84       0.000    
   22.0+    22 1   101.4       0.000    
   23.0-    23 1   105.8       0.000    
   24.0+    24 1   110.1       0.000    
   25.0-    25 1   113.1       0.000    
   26.0+    26 1   111.3       0.000    
   27.0-    27 1   98.26       0.000    
   28.0+    28 1   75.34       0.000    
   29.0-    29 1   52.24       0.000    
   30.0+    30 1   34.39       0.000    
   31.0-    31 1   22.14       0.000    
   32.0+    32 1   14.15       0.000    
   33.0-    33 1   9.035       0.000    
   34.0+    34 1   5.777       0.000    
   35.0-    35 1   3.702       0.000    
   36.0+    36 1   2.377       0.000    
   37.0-    37 1   1.529       0.000    
   38.0+    38 1  0.9853       0.000    
   39.0-    39 1  0.6353       0.000    
   40.0+    40 1  0.4099       0.000    
   41.0-    41 1  0.2646       0.000    
   42.0+    42 1  0.1708       0.000    
   43.0-    43 1  0.1102       0.000    
   44.0+    44 1  0.7115E-01   0.000    
   45.0-    45 1  0.4590E-01   0.000    
   46.0+    46 1  0.2960E-01   0.000    
   47.0-    47 1  0.1908E-01   0.000    
   48.0+    48 1  0.1229E-01   0.000    
   49.0-    49 1  0.7918E-02   0.000    
   50.0+    50 1  0.5097E-02   0.000    
   51.0-    51 1  0.3279E-02   0.000    
   52.0+    52 1  0.2109E-02   0.000    
   53.0-    53 1  0.1356E-02   0.000    
   54.0+    54 1  0.8709E-03   0.000    
   55.0-    55 1  0.5593E-03   0.000    
   56.0+    56 1  0.3590E-03   0.000    
   57.0-    57 1  0.2303E-03   0.000    
   58.0+    58 1  0.1477E-03   0.000    
   59.0-    59 1  0.9469E-04   0.000    
   60.0+    60 1  0.6068E-04   0.000    
   61.0-    61 1  0.3887E-04   0.000    
   62.0+    62 1  0.2489E-04   0.000    
   63.0-    63 1  0.1593E-04   0.000    
   64.0+    64 1  0.1019E-04   0.000    
   65.0-    65 1  0.6519E-05   0.000    
   66.0+    66 1  0.4168E-05   0.000    
   67.0-    67 1  0.2664E-05   0.000    
   68.0+    68 1  0.1702E-05   0.000    
   69.0-    69 1  0.1087E-05   0.000    
   70.0+    70 1  0.6944E-06   0.000    
   71.0-    71 1  0.4433E-06   0.000    
   72.0+    72 1  0.2829E-06   0.000    
   73.0-    73 1  0.1805E-06   0.000    
   74.0+    74 1  0.1151E-06   0.000    
   75.0-    75 1  0.7342E-07   0.000    
   76.0+    76 1  0.4681E-07   0.000    
   77.0-    77 1  0.2984E-07   0.000    
   78.0+    78 1  0.1902E-07   0.000    
   79.0-    79 1  0.1210E-07   0.000    
   80.0+    80 1  0.7712E-08   0.000    
   81.0-    81 1  0.4915E-08   0.000    
   82.0+    82 1  0.3146E-08   0.000    
   83.0-    83 1  0.1997E-08   0.000    
   84.0+    84 1  0.1274E-08   0.000    
   85.0-    85 1  0.8222E-09   0.000    
   86.0+    86 1  0.5314E-09   0.000    
   87.0-    87 1  0.3134E-09   0.000    
