# 181 angles,  1 tensor ranks for 0=projectile
@subtitle   "He4 + Zr90 @ 79.5 MeV;"                                                        
@legend ON
@legend x1 0.2
@legend y1 0.8
@g0 type LOGY
@yaxis ticklabel format power
@legend string   0 "Lab energy =   79.5000"
#legend string   0 "Partition=  1 Excit=  1 near/far= 1"
#  Theta       sigma       iT11        T20         T21         T22         Kyy for projectile
  0.1000E-01   1.000    
   1.000       1.020    
   2.000      0.9629    
   3.000       1.110    
   4.000       1.034    
   5.000       1.018    
   6.000       1.010    
   7.000      0.8092    
   8.000      0.5334    
   9.000      0.4040    
   10.00      0.4359    
   11.00      0.4679    
   12.00      0.3809    
   13.00      0.2151    
   14.00      0.9593E-01
   15.00      0.9399E-01
   16.00      0.1659    
   17.00      0.2132    
   18.00      0.1793    
   19.00      0.9086E-01
   20.00      0.1959E-01
   21.00      0.1320E-01
   22.00      0.5953E-01
   23.00      0.1066    
   24.00      0.1112    
   25.00      0.7195E-01
   26.00      0.2294E-01
   27.00      0.1107E-02
   28.00      0.1730E-01
   29.00      0.5232E-01
   30.00      0.7621E-01
   31.00      0.7199E-01
   32.00      0.4575E-01
   33.00      0.1832E-01
   34.00      0.7886E-02
   35.00      0.1753E-01
   36.00      0.3564E-01
   37.00      0.4674E-01
   38.00      0.4301E-01
   39.00      0.2837E-01
   40.00      0.1359E-01
   41.00      0.7627E-02
   42.00      0.1188E-01
   43.00      0.2066E-01
   44.00      0.2626E-01
   45.00      0.2459E-01
   46.00      0.1742E-01
   47.00      0.1029E-01
   48.00      0.7995E-02
   49.00      0.1136E-01
   50.00      0.1724E-01
   51.00      0.2134E-01
   52.00      0.2128E-01
   53.00      0.1776E-01
   54.00      0.1358E-01
   55.00      0.1156E-01
   56.00      0.1280E-01
   57.00      0.1615E-01
   58.00      0.1919E-01
   59.00      0.1987E-01
   60.00      0.1790E-01
   61.00      0.1466E-01
   62.00      0.1202E-01
   63.00      0.1105E-01
   64.00      0.1159E-01
   65.00      0.1266E-01
   66.00      0.1319E-01
   67.00      0.1255E-01
   68.00      0.1080E-01
   69.00      0.8626E-02
   70.00      0.6912E-02
   71.00      0.6124E-02
   72.00      0.6060E-02
   73.00      0.6125E-02
   74.00      0.5846E-02
   75.00      0.5121E-02
   76.00      0.4127E-02
   77.00      0.3125E-02
   78.00      0.2348E-02
   79.00      0.1931E-02
   80.00      0.1829E-02
   81.00      0.1824E-02
   82.00      0.1694E-02
   83.00      0.1386E-02
   84.00      0.1016E-02
   85.00      0.7223E-03
   86.00      0.5564E-03
   87.00      0.5032E-03
   88.00      0.5297E-03
   89.00      0.5814E-03
   90.00      0.5857E-03
   91.00      0.5138E-03
   92.00      0.4220E-03
   93.00      0.3937E-03
   94.00      0.4501E-03
   95.00      0.5449E-03
   96.00      0.6350E-03
   97.00      0.7155E-03
   98.00      0.7820E-03
   99.00      0.8072E-03
   100.0      0.7866E-03
   101.0      0.7735E-03
   102.0      0.8246E-03
   103.0      0.9239E-03
   104.0      0.1004E-02
   105.0      0.1034E-02
   106.0      0.1047E-02
   107.0      0.1066E-02
   108.0      0.1066E-02
   109.0      0.1026E-02
   110.0      0.9827E-03
   111.0      0.9959E-03
   112.0      0.1062E-02
   113.0      0.1119E-02
   114.0      0.1127E-02
   115.0      0.1115E-02
   116.0      0.1112E-02
   117.0      0.1095E-02
   118.0      0.1028E-02
   119.0      0.9413E-03
   120.0      0.9022E-03
   121.0      0.9224E-03
   122.0      0.9431E-03
   123.0      0.9182E-03
   124.0      0.8724E-03
   125.0      0.8525E-03
   126.0      0.8537E-03
   127.0      0.8318E-03
   128.0      0.7798E-03
   129.0      0.7415E-03
   130.0      0.7384E-03
   131.0      0.7300E-03
   132.0      0.6781E-03
   133.0      0.6123E-03
   134.0      0.5882E-03
   135.0      0.6038E-03
   136.0      0.6018E-03
   137.0      0.5514E-03
   138.0      0.4878E-03
   139.0      0.4591E-03
   140.0      0.4628E-03
   141.0      0.4619E-03
   142.0      0.4482E-03
   143.0      0.4475E-03
   144.0      0.4582E-03
   145.0      0.4368E-03
   146.0      0.3667E-03
   147.0      0.2983E-03
   148.0      0.2870E-03
   149.0      0.3199E-03
   150.0      0.3353E-03
   151.0      0.3022E-03
   152.0      0.2512E-03
   153.0      0.2275E-03
   154.0      0.2356E-03
   155.0      0.2510E-03
   156.0      0.2672E-03
   157.0      0.2928E-03
   158.0      0.3047E-03
   159.0      0.2595E-03
   160.0      0.1688E-03
   161.0      0.1099E-03
   162.0      0.1368E-03
   163.0      0.2143E-03
   164.0      0.2610E-03
   165.0      0.2346E-03
   166.0      0.1638E-03
   167.0      0.1095E-03
   168.0      0.1079E-03
   169.0      0.1612E-03
   170.0      0.2614E-03
   171.0      0.3726E-03
   172.0      0.4012E-03
   173.0      0.2747E-03
   174.0      0.7791E-04
   175.0      0.2535E-04
   176.0      0.2572E-03
   177.0      0.7197E-03
   178.0      0.1241E-02
   179.0      0.1643E-02
   180.0      0.1794E-02
 END
